Inject to epoch: 19
Inject to step: 38
Epoch: 19/80, step: 0/49, loss: 2.87175, accuracy: 0.10352
Epoch: 19/80, step: 1/49, loss: 4.93709, accuracy: 0.09863
Epoch: 19/80, step: 2/49, loss: 2.66947, accuracy: 0.11914
